{
  "advancedEditorSelectedIdentifier" : "ProjectBrowser",
  "openSceneRelativePaths" : [
    "Medium.usda",
    "Small.usda",
    "Scene.usda",
    "Large.usda"
  ],
  "recentIdentifiers" : {
    "AA733DF7-6F32-4B46-B874-210CA50174F5" : [

    ]
  },
  "sceneCameraHistory" : {
    "481A520B-CA82-4A1C-895F-8A5FC25D7D38" : [
      {
        "date" : 764322623.335513,
        "title" : "Untitled",
        "transform" : [
          0.99874544,
          9.427109e-10,
          0.050075952,
          0,
          0.04225987,
          0.53647625,
          -0.84285676,
          0,
          -0.026864558,
          0.84391546,
          0.53580314,
          0,
          -0.26665887,
          7.037809,
          2.3184056,
          1
        ]
      },
      {
        "date" : 764322620.18212,
        "title" : "Untitled",
        "transform" : [
          0.99635124,
          -8.4173024e-10,
          0.08534756,
          0,
          0.08529557,
          0.034899518,
          -0.9957443,
          0,
          -0.002978591,
          0.99939084,
          0.03477217,
          0,
          -0.0874683,
          8.765673,
          -1.9788952,
          1
        ]
      },
      {
        "date" : 764322618.145745,
        "title" : "Untitled",
        "transform" : [
          1,
          0,
          0,
          0,
          0,
          0.9644308,
          -0.26433545,
          0,
          0,
          0.26433548,
          0.96443087,
          0,
          0,
          1.632361,
          5.673105,
          1
        ]
      }
    ],
    "750E6E0D-3EC7-4BD7-91B1-B2F68FA04838" : [
      {
        "date" : 764325374.858158,
        "title" : "Untitled",
        "transform" : [
          0.99021405,
          -6.7373795e-10,
          -0.13955683,
          0,
          -0.08582775,
          0.7885254,
          -0.6089839,
          0,
          0.1100441,
          0.6150023,
          0.7808089,
          0,
          0.55120593,
          2.7394922,
          0.66824055,
          1
        ]
      },
      {
        "date" : 764325359.669024,
        "title" : "Untitled",
        "transform" : [
          1,
          0,
          0,
          0,
          0,
          0.7071069,
          -0.70710677,
          0,
          0,
          0.70710677,
          0.7071069,
          0,
          -0.0070791543,
          2.3598762,
          1.2977042,
          1
        ]
      }
    ],
    "AA733DF7-6F32-4B46-B874-210CA50174F5" : [
      {
        "date" : 764318986.180585,
        "title" : "Untitled",
        "transform" : [
          0.9999569,
          7.8500165e-11,
          -0.009285909,
          0,
          -0.0066409805,
          0.6989533,
          -0.7151365,
          0,
          0.006490417,
          0.7151674,
          0.6989231,
          0,
          -0.04322136,
          1.606968,
          2.0564911,
          1
        ]
      }
    ],
    "AF09ED6F-1707-48FD-8720-65B998362C09" : [
      {
        "date" : 764322557.516258,
        "title" : "Untitled",
        "transform" : [
          0.99950033,
          1.7184415e-09,
          0.03160812,
          0,
          0.02042301,
          0.7632259,
          -0.6458088,
          0,
          -0.024124127,
          0.64613175,
          0.7628445,
          0,
          -0.27270585,
          3.16624,
          4.1063504,
          1
        ]
      },
      {
        "date" : 764318895.977381,
        "title" : "Untitled",
        "transform" : [
          0.9962441,
          1.6711211e-09,
          0.08658878,
          0,
          0.023536744,
          0.96234745,
          -0.27080116,
          0,
          -0.08332849,
          0.27182212,
          0.9587331,
          0,
          -0.28929216,
          0.58735883,
          2.5059495,
          1
        ]
      }
    ],
    "D5B6FA6F-558A-41A4-B291-72289D8C0429" : [
      {
        "date" : 764322575.513664,
        "title" : "Untitled",
        "transform" : [
          0.9995029,
          -1.3635548e-10,
          -0.031530064,
          0,
          -0.009920334,
          0.9492141,
          -0.3144743,
          0,
          0.029928787,
          0.31463075,
          0.94874215,
          0,
          0.027780075,
          0.9405515,
          2.256301,
          1
        ]
      },
      {
        "date" : 764322469.015319,
        "title" : "Untitled",
        "transform" : [
          0.99045384,
          -1.7424862e-10,
          -0.13784495,
          0,
          -0.086193115,
          0.78039217,
          -0.61932117,
          0,
          0.10757312,
          0.62529033,
          0.77294236,
          0,
          0.08624977,
          0.82470345,
          0.93038464,
          1
        ]
      },
      {
        "date" : 764322465.710664,
        "title" : "Untitled",
        "transform" : [
          0.9999899,
          0,
          0.004486069,
          0,
          0.0031721299,
          0.7071069,
          -0.7070996,
          0,
          -0.0031721303,
          0.70710677,
          0.70709974,
          0,
          -0.046578225,
          0.9220969,
          0.8371129,
          1
        ]
      }
    ]
  },
  "sceneViewportBackgroundColors" : {

  },
  "selectedSceneRelativePath" : "Large.usda"
}