{
  "advancedEditorSelectedIdentifier" : "ProjectBrowser",
  "openSceneRelativePaths" : [
    "Immersive.usda",
    "Small.usda",
    "Medium.usda",
    "Large.usda"
  ],
  "recentIdentifiers" : {
    "AF09ED6F-1707-48FD-8720-65B998362C09" : [

    ]
  },
  "sceneCameraHistory" : {
    "481A520B-CA82-4A1C-895F-8A5FC25D7D38" : [
      {
        "date" : 764332847.00036,
        "title" : "Untitled",
        "transform" : [
          0.99886584,
          6.148149e-10,
          -0.0476128,
          0,
          -0.0026396157,
          0.9984621,
          -0.055376306,
          0,
          0.047539577,
          0.05543917,
          0.99732965,
          0,
          0.40809733,
          0.7852745,
          3.0348177,
          1
        ]
      },
      {
        "date" : 764332834.198013,
        "title" : "Untitled",
        "transform" : [
          0.9996951,
          6.838858e-10,
          -0.024692176,
          0,
          -0.0021705935,
          0.9961287,
          -0.087879285,
          0,
          0.024596583,
          0.08790608,
          0.99582505,
          0,
          0.2695977,
          0.9800676,
          3.0023627,
          1
        ]
      },
      {
        "date" : 764332791.741927,
        "title" : "Untitled",
        "transform" : [
          1,
          0,
          0,
          0,
          0,
          0.87906826,
          -0.4766959,
          0,
          0,
          0.4766959,
          0.87906826,
          0,
          0.12167338,
          3.2757008,
          2.0949273,
          1
        ]
      }
    ],
    "750E6E0D-3EC7-4BD7-91B1-B2F68FA04838" : [
      {
        "date" : 764332685.592343,
        "title" : "Untitled",
        "transform" : [
          0.98610216,
          2.1367452e-10,
          -0.16613965,
          0,
          -0.0961453,
          0.81553924,
          -0.57065904,
          0,
          0.13549341,
          0.57870173,
          0.8042051,
          0,
          0.0018500388,
          2.5781996,
          1.6348969,
          1
        ]
      },
      {
        "date" : 764332682.808433,
        "title" : "Untitled",
        "transform" : [
          0.98610216,
          2.1367452e-10,
          -0.16613965,
          0,
          -0.0961453,
          0.81553924,
          -0.57065904,
          0,
          0.13549341,
          0.57870173,
          0.8042051,
          0,
          0.48158374,
          2.6691258,
          1.4886416,
          1
        ]
      },
      {
        "date" : 764332667.000618,
        "title" : "Untitled",
        "transform" : [
          0.98610216,
          2.1367452e-10,
          -0.16613965,
          0,
          -0.0961453,
          0.81553924,
          -0.57065904,
          0,
          0.13549341,
          0.57870173,
          0.8042051,
          0,
          0.22796142,
          1.4678024,
          0.08745837,
          1
        ]
      },
      {
        "date" : 764332618.2076,
        "title" : "Untitled",
        "transform" : [
          0.9886587,
          2.052547e-10,
          -0.15017949,
          0,
          -0.09227915,
          0.7889487,
          -0.6074903,
          0,
          0.11848392,
          0.61445904,
          0.78000104,
          0,
          0.14900072,
          1.637079,
          -0.01736617,
          1
        ]
      },
      {
        "date" : 764332604.345241,
        "title" : "Untitled",
        "transform" : [
          0.9886587,
          2.052547e-10,
          -0.15017949,
          0,
          -0.09227915,
          0.7889487,
          -0.6074903,
          0,
          0.11848392,
          0.61445904,
          0.78000104,
          0,
          0.16282213,
          2.3670905,
          -0.59454536,
          1
        ]
      },
      {
        "date" : 764332588.812261,
        "title" : "Untitled",
        "transform" : [
          0.9886587,
          2.052547e-10,
          -0.15017949,
          0,
          -0.09227915,
          0.7889487,
          -0.6074903,
          0,
          0.11848392,
          0.61445904,
          0.78000104,
          0,
          0.2846388,
          1.4673564,
          0.09573102,
          1
        ]
      },
      {
        "date" : 764332585.709593,
        "title" : "Untitled",
        "transform" : [
          1,
          0,
          0,
          0,
          0,
          0.7071069,
          -0.7071067,
          0,
          0,
          0.7071067,
          0.7071069,
          0,
          -0.18088365,
          1.8347642,
          -0.13583279,
          1
        ]
      },
      {
        "date" : 764332568.165746,
        "title" : "Untitled",
        "transform" : [
          1,
          0,
          0,
          0,
          0,
          0.7071069,
          -0.7071067,
          0,
          0,
          0.7071067,
          0.7071069,
          0,
          -0.108697236,
          1.04016,
          -1.6930844,
          1
        ]
      },
      {
        "date" : 764332564.694064,
        "title" : "Untitled",
        "transform" : [
          1,
          0,
          -0,
          0,
          -0,
          0.7071069,
          -0.7071067,
          0,
          0,
          0.7071067,
          0.7071069,
          0,
          -0.89161646,
          1.3547941,
          -2.0077188,
          1
        ]
      }
    ],
    "AF09ED6F-1707-48FD-8720-65B998362C09" : [
      {
        "date" : 764331435.926307,
        "title" : "Untitled",
        "transform" : [
          0.930904,
          0.09423266,
          0.3528996,
          0,
          -0.005459155,
          0.9696304,
          -0.2445138,
          0,
          -0.3652235,
          0.22569224,
          0.9031472,
          0,
          -0.98541903,
          1.0707307,
          4.7380023,
          1
        ]
      },
      {
        "date" : 764315417.06373,
        "title" : "Untitled",
        "transform" : [
          0.930904,
          0.09423266,
          0.3528996,
          0,
          -0.005459155,
          0.9696304,
          -0.2445138,
          0,
          -0.3652235,
          0.22569224,
          0.9031472,
          0,
          -0.5831258,
          1.3191276,
          4.8386126,
          1
        ]
      },
      {
        "date" : 764315407.077212,
        "title" : "Untitled",
        "transform" : [
          0.7136385,
          0.094232656,
          0.6941473,
          0,
          -0.02967662,
          0.99408823,
          -0.10444059,
          0,
          -0.69988537,
          0.053932823,
          0.7122161,
          0,
          -3.7448006,
          0.3777424,
          4.968074,
          1
        ]
      },
      {
        "date" : 764315404.898907,
        "title" : "Untitled",
        "transform" : [
          0.050521582,
          0.09423265,
          0.99426764,
          0,
          0.46902478,
          0.87668896,
          -0.1069215,
          0,
          -0.8817388,
          0.47173786,
          9.425818e-05,
          0,
          -5.0184793,
          3.3039994,
          -0.01954383,
          1
        ]
      },
      {
        "date" : 764315391.661742,
        "title" : "Untitled",
        "transform" : [
          0.9139658,
          0.0003937158,
          0.40579072,
          0,
          0.40553105,
          0.034897357,
          -0.9134148,
          0,
          -0.014520635,
          0.99939084,
          0.03173529,
          0,
          -1.136584,
          4.5272408,
          -0.07126665,
          1
        ]
      },
      {
        "date" : 764315372.877984,
        "title" : "Untitled",
        "transform" : [
          0.9998081,
          0.0003937158,
          0.019584736,
          0,
          0.01955908,
          0.03489742,
          -0.99919957,
          0,
          -0.0010768572,
          0.99939084,
          0.034882978,
          0,
          0.02353366,
          4.5272408,
          -1.4208212,
          1
        ]
      },
      {
        "date" : 764313786.616109,
        "title" : "Untitled",
        "transform" : [
          0.99994284,
          0.0003937158,
          0.010680733,
          0,
          0.010660497,
          0.03489736,
          -0.9993341,
          0,
          -0.0007661832,
          0.99939084,
          0.034891125,
          0,
          0.010880411,
          4.5272408,
          -1.4209746,
          1
        ]
      },
      {
        "date" : 764313761.769857,
        "title" : "Untitled",
        "transform" : [
          0.99998295,
          0.0003937158,
          -0.005819567,
          0,
          -0.005829757,
          0.03489742,
          -0.999374,
          0,
          -0.0001903823,
          0.99939084,
          0.03489908,
          0,
          0.030169971,
          4.5272408,
          -1.4084069,
          1
        ]
      },
      {
        "date" : 764313752.839931,
        "title" : "Untitled",
        "transform" : [
          0.9999776,
          0.0003937158,
          0.006677356,
          0,
          0.0066595566,
          0.03489736,
          -0.9993688,
          0,
          -0.0006264897,
          0.99939084,
          0.034893915,
          0,
          0.015207289,
          4.5272408,
          -1.4074911,
          1
        ]
      },
      {
        "date" : 764310083.774737,
        "title" : "Untitled",
        "transform" : [
          0.9998825,
          0.0003937158,
          -0.01532271,
          0,
          -0.015327113,
          0.03489742,
          -0.9992734,
          0,
          0.00014129211,
          0.99939084,
          0.034899313,
          0,
          -0.015759706,
          4.5272408,
          -1.4074848,
          1
        ]
      }
    ],
    "D5B6FA6F-558A-41A4-B291-72289D8C0429" : [
      {
        "date" : 764332536.554932,
        "title" : "Untitled",
        "transform" : [
          0.99892,
          2.7957052e-09,
          0.046461012,
          0,
          0.02316793,
          0.8668016,
          -0.49811468,
          0,
          -0.04027249,
          0.49865314,
          0.8658655,
          0,
          -0.30684772,
          3.8582723,
          4.3047,
          1
        ]
      },
      {
        "date" : 764332453.501526,
        "title" : "Untitled",
        "transform" : [
          0.99892,
          1.87839e-09,
          0.046461012,
          0,
          0.0055034817,
          0.9929596,
          -0.11832591,
          0,
          -0.046133906,
          0.11845383,
          0.9918872,
          0,
          -0.017962217,
          0.12809473,
          4.519529,
          1
        ]
      },
      {
        "date" : 764332447.602069,
        "title" : "Untitled",
        "transform" : [
          0.99892,
          1.87839e-09,
          0.046461012,
          0,
          0.0055034817,
          0.9929596,
          -0.11832591,
          0,
          -0.046133906,
          0.11845383,
          0.9918872,
          0,
          0.036892086,
          0.24120343,
          3.1418772,
          1
        ]
      },
      {
        "date" : 764332439.305443,
        "title" : "Untitled",
        "transform" : [
          0.99892,
          1.87839e-09,
          0.046461012,
          0,
          0.0055034817,
          0.9929596,
          -0.11832591,
          0,
          -0.046133906,
          0.11845383,
          0.9918872,
          0,
          0.07724163,
          0.35411954,
          2.491012,
          1
        ]
      },
      {
        "date" : 764332429.29265,
        "title" : "Untitled",
        "transform" : [
          0.99892,
          1.87839e-09,
          0.046461012,
          0,
          0.0055034817,
          0.9929596,
          -0.11832591,
          0,
          -0.046133906,
          0.11845383,
          0.9918872,
          0,
          -0.0017692778,
          0.247818,
          2.500032,
          1
        ]
      },
      {
        "date" : 764332384.087523,
        "title" : "Untitled",
        "transform" : [
          0.99998623,
          -6.4337424e-13,
          0.005245082,
          0,
          0.0024095455,
          0.888234,
          -0.45938507,
          0,
          -0.0046588597,
          0.45939136,
          0.88822174,
          0,
          0.18735991,
          1.7517114,
          1.8038235,
          1
        ]
      },
      {
        "date" : 764332382.666165,
        "title" : "Untitled",
        "transform" : [
          0.99998623,
          -6.4337424e-13,
          0.005245082,
          0,
          0.0024095455,
          0.888234,
          -0.45938507,
          0,
          -0.0046588597,
          0.45939136,
          0.88822174,
          0,
          0.19392654,
          1.104207,
          0.5518888,
          1
        ]
      },
      {
        "date" : 764332380.767959,
        "title" : "Untitled",
        "transform" : [
          0.99998623,
          -6.4337424e-13,
          0.005245082,
          0,
          0.0024095455,
          0.888234,
          -0.45938507,
          0,
          -0.0046588597,
          0.45939136,
          0.88822174,
          0,
          0.18603215,
          1.8826361,
          2.0569632,
          1
        ]
      },
      {
        "date" : 764331582.642513,
        "title" : "Untitled",
        "transform" : [
          0.99998623,
          -6.4337424e-13,
          0.005245082,
          0,
          0.0024095455,
          0.888234,
          -0.45938507,
          0,
          -0.0046588597,
          0.45939136,
          0.88822174,
          0,
          0.22797284,
          1.8826265,
          2.0571878,
          1
        ]
      },
      {
        "date" : 764331539.764528,
        "title" : "Untitled",
        "transform" : [
          0.99998623,
          -6.4337424e-13,
          0.005245082,
          0,
          0.0024095452,
          0.8882339,
          -0.459385,
          0,
          -0.0046588597,
          0.45939136,
          0.88822174,
          0,
          0.09771899,
          1.9209752,
          2.0366704,
          1
        ]
      }
    ]
  },
  "sceneViewportBackgroundColors" : {

  },
  "selectedSceneRelativePath" : "Large.usda"
}