{
  "advancedEditorSelectedIdentifier" : "ProjectBrowser",
  "openSceneRelativePaths" : [
    "Immersive.usda",
    "Small.usda"
  ],
  "recentIdentifiers" : {
    "AF09ED6F-1707-48FD-8720-65B998362C09" : [

    ]
  },
  "sceneCameraHistory" : {
    "AF09ED6F-1707-48FD-8720-65B998362C09" : [
      {
        "date" : 764331435.926307,
        "title" : "Untitled",
        "transform" : [
          0.930904,
          0.09423266,
          0.3528996,
          0,
          -0.005459155,
          0.9696304,
          -0.2445138,
          0,
          -0.3652235,
          0.22569224,
          0.9031472,
          0,
          -0.98541903,
          1.0707307,
          4.7380023,
          1
        ]
      },
      {
        "date" : 764315417.06373,
        "title" : "Untitled",
        "transform" : [
          0.930904,
          0.09423266,
          0.3528996,
          0,
          -0.005459155,
          0.9696304,
          -0.2445138,
          0,
          -0.3652235,
          0.22569224,
          0.9031472,
          0,
          -0.5831258,
          1.3191276,
          4.8386126,
          1
        ]
      },
      {
        "date" : 764315407.077212,
        "title" : "Untitled",
        "transform" : [
          0.7136385,
          0.094232656,
          0.6941473,
          0,
          -0.02967662,
          0.99408823,
          -0.10444059,
          0,
          -0.69988537,
          0.053932823,
          0.7122161,
          0,
          -3.7448006,
          0.3777424,
          4.968074,
          1
        ]
      },
      {
        "date" : 764315404.898907,
        "title" : "Untitled",
        "transform" : [
          0.050521582,
          0.09423265,
          0.99426764,
          0,
          0.46902478,
          0.87668896,
          -0.1069215,
          0,
          -0.8817388,
          0.47173786,
          9.425818e-05,
          0,
          -5.0184793,
          3.3039994,
          -0.01954383,
          1
        ]
      },
      {
        "date" : 764315391.661742,
        "title" : "Untitled",
        "transform" : [
          0.9139658,
          0.0003937158,
          0.40579072,
          0,
          0.40553105,
          0.034897357,
          -0.9134148,
          0,
          -0.014520635,
          0.99939084,
          0.03173529,
          0,
          -1.136584,
          4.5272408,
          -0.07126665,
          1
        ]
      },
      {
        "date" : 764315372.877984,
        "title" : "Untitled",
        "transform" : [
          0.9998081,
          0.0003937158,
          0.019584736,
          0,
          0.01955908,
          0.03489742,
          -0.99919957,
          0,
          -0.0010768572,
          0.99939084,
          0.034882978,
          0,
          0.02353366,
          4.5272408,
          -1.4208212,
          1
        ]
      },
      {
        "date" : 764313786.616109,
        "title" : "Untitled",
        "transform" : [
          0.99994284,
          0.0003937158,
          0.010680733,
          0,
          0.010660497,
          0.03489736,
          -0.9993341,
          0,
          -0.0007661832,
          0.99939084,
          0.034891125,
          0,
          0.010880411,
          4.5272408,
          -1.4209746,
          1
        ]
      },
      {
        "date" : 764313761.769857,
        "title" : "Untitled",
        "transform" : [
          0.99998295,
          0.0003937158,
          -0.005819567,
          0,
          -0.005829757,
          0.03489742,
          -0.999374,
          0,
          -0.0001903823,
          0.99939084,
          0.03489908,
          0,
          0.030169971,
          4.5272408,
          -1.4084069,
          1
        ]
      },
      {
        "date" : 764313752.839931,
        "title" : "Untitled",
        "transform" : [
          0.9999776,
          0.0003937158,
          0.006677356,
          0,
          0.0066595566,
          0.03489736,
          -0.9993688,
          0,
          -0.0006264897,
          0.99939084,
          0.034893915,
          0,
          0.015207289,
          4.5272408,
          -1.4074911,
          1
        ]
      },
      {
        "date" : 764310083.774737,
        "title" : "Untitled",
        "transform" : [
          0.9998825,
          0.0003937158,
          -0.01532271,
          0,
          -0.015327113,
          0.03489742,
          -0.9992734,
          0,
          0.00014129211,
          0.99939084,
          0.034899313,
          0,
          -0.015759706,
          4.5272408,
          -1.4074848,
          1
        ]
      }
    ],
    "D5B6FA6F-558A-41A4-B291-72289D8C0429" : [
      {
        "date" : 764331582.642513,
        "title" : "Untitled",
        "transform" : [
          0.99998623,
          -6.4337424e-13,
          0.005245082,
          0,
          0.0024095455,
          0.888234,
          -0.45938507,
          0,
          -0.0046588597,
          0.45939136,
          0.88822174,
          0,
          0.22797284,
          1.8826265,
          2.0571878,
          1
        ]
      },
      {
        "date" : 764331539.764528,
        "title" : "Untitled",
        "transform" : [
          0.99998623,
          -6.4337424e-13,
          0.005245082,
          0,
          0.0024095452,
          0.8882339,
          -0.459385,
          0,
          -0.0046588597,
          0.45939136,
          0.88822174,
          0,
          0.09771899,
          1.9209752,
          2.0366704,
          1
        ]
      },
      {
        "date" : 764331480.358365,
        "title" : "Untitled",
        "transform" : [
          0.9999963,
          0,
          0.002700802,
          0,
          0.0013521576,
          0.8656496,
          -0.5006485,
          0,
          -0.0023379482,
          0.50065035,
          0.8656464,
          0,
          0.110665046,
          2.1523654,
          1.9277258,
          1
        ]
      },
      {
        "date" : 764331457.309576,
        "title" : "Untitled",
        "transform" : [
          0.99999994,
          0,
          0,
          0,
          0,
          0.8656496,
          -0.50065035,
          0,
          0,
          0.50065035,
          0.8656496,
          0,
          0.057003826,
          1.0627937,
          1.1253991,
          1
        ]
      },
      {
        "date" : 764331454.542632,
        "title" : "Untitled",
        "transform" : [
          0.99999994,
          0,
          0,
          0,
          0,
          0.8656496,
          -0.50065035,
          0,
          0,
          0.50065035,
          0.8656496,
          0,
          -0.20745513,
          0.92107445,
          1.207363,
          1
        ]
      },
      {
        "date" : 764331449.134266,
        "title" : "Untitled",
        "transform" : [
          0.99999994,
          0,
          -0,
          0,
          -0,
          0.8656496,
          -0.50065035,
          0,
          0,
          0.50065035,
          0.8656496,
          0,
          -0.01445118,
          4.601936,
          5.1490607,
          1
        ]
      },
      {
        "date" : 764331446.72136,
        "title" : "Untitled",
        "transform" : [
          1,
          0,
          0,
          0,
          0,
          0.7071069,
          -0.70710677,
          0,
          0,
          0.70710677,
          0.7071069,
          0,
          -0.088473454,
          2.4154015,
          1.2421794,
          1
        ]
      }
    ]
  },
  "sceneViewportBackgroundColors" : {

  },
  "selectedSceneRelativePath" : "Small.usda"
}