{
  "advancedEditorSelectedIdentifier" : "ProjectBrowser",
  "openSceneRelativePaths" : [
    "Immersive.usda"
  ],
  "recentIdentifiers" : {
    "AF09ED6F-1707-48FD-8720-65B998362C09" : [

    ]
  },
  "sceneCameraHistory" : {
    "AF09ED6F-1707-48FD-8720-65B998362C09" : [
      {
        "date" : 764310083.774737,
        "title" : "Untitled",
        "transform" : [
          0.9998825,
          0.0003937158,
          -0.01532271,
          0,
          -0.015327113,
          0.03489742,
          -0.9992734,
          0,
          0.00014129211,
          0.99939084,
          0.034899313,
          0,
          -0.015759706,
          4.5272408,
          -1.4074848,
          1
        ]
      },
      {
        "date" : 764310070.222061,
        "title" : "Untitled",
        "transform" : [
          0.9998825,
          0.0003937158,
          -0.01532271,
          0,
          -0.015327113,
          0.03489742,
          -0.9992734,
          0,
          0.00014129211,
          0.99939084,
          0.034899313,
          0,
          -0.5818383,
          4.5317054,
          -1.5330565,
          1
        ]
      },
      {
        "date" : 764310067.26589,
        "title" : "Untitled",
        "transform" : [
          0.9998825,
          0.0003937158,
          -0.01532271,
          0,
          -0.015327112,
          0.034898315,
          -0.99927336,
          0,
          0.00014130582,
          0.9993908,
          0.034900207,
          0,
          -0.58183825,
          4.5317044,
          -1.5330534,
          1
        ]
      },
      {
        "date" : 764309784.073288,
        "title" : "Untitled",
        "transform" : [
          0.9998825,
          0.0003937158,
          -0.01532271,
          0,
          -0.015327112,
          0.034898315,
          -0.99927336,
          0,
          0.00014130582,
          0.9993908,
          0.034900207,
          0,
          1.263101,
          4.5179367,
          -1.1463008,
          1
        ]
      },
      {
        "date" : 764309782.248593,
        "title" : "Untitled",
        "transform" : [
          0.9998825,
          0.0003937158,
          -0.01532271,
          0,
          -0.015327112,
          0.034898315,
          -0.99927336,
          0,
          0.00014130582,
          0.9993908,
          0.034900207,
          0,
          1.263101,
          4.5179367,
          -1.1463008,
          1
        ]
      },
      {
        "date" : 764309774.277092,
        "title" : "Untitled",
        "transform" : [
          0.99913996,
          0.0003937159,
          -0.041465335,
          0,
          -0.041417163,
          0.05858108,
          -0.9974232,
          0,
          0.00203638,
          0.99828255,
          0.058546953,
          0,
          1.2750554,
          4.508427,
          -1.0950027,
          1
        ]
      },
      {
        "date" : 764309769.940203,
        "title" : "Untitled",
        "transform" : [
          0.9999528,
          0.00039371577,
          -0.009710729,
          0,
          -0.009491127,
          -0.17539851,
          -0.98445183,
          0,
          -0.0020908425,
          0.9844974,
          -0.17538652,
          0,
          1.2253855,
          4.7021046,
          -2.0136902,
          1
        ]
      },
      {
        "date" : 764309764.392124,
        "title" : "Untitled",
        "transform" : [
          0.99999326,
          0.00039371575,
          -0.0036494518,
          0,
          -0.0034524663,
          -0.23676091,
          -0.97156185,
          0,
          -0.0012465675,
          0.97156787,
          -0.23675798,
          0,
          1.222141,
          4.7184677,
          -2.2617345,
          1
        ]
      },
      {
        "date" : 764309713.311698,
        "title" : "Untitled",
        "transform" : [
          0.99999326,
          0.00039371575,
          -0.0036494518,
          0,
          -0.0034524663,
          -0.23676091,
          -0.97156185,
          0,
          -0.0012465675,
          0.97156787,
          -0.23675798,
          0,
          1.222141,
          4.7184677,
          -2.2617345,
          1
        ]
      },
      {
        "date" : 764309688.211814,
        "title" : "Untitled",
        "transform" : [
          0.99999326,
          0.00039371575,
          -0.0036494518,
          0,
          -0.0034524663,
          -0.23676091,
          -0.97156185,
          0,
          -0.0012465675,
          0.97156787,
          -0.23675798,
          0,
          0.9483223,
          4.2313957,
          -1.8337333,
          1
        ]
      }
    ]
  },
  "sceneViewportBackgroundColors" : {

  }
}