{
  "advancedEditorSelectedIdentifier" : "ProjectBrowser",
  "openSceneRelativePaths" : [
    "Immersive.usda"
  ],
  "recentIdentifiers" : {
    "AF09ED6F-1707-48FD-8720-65B998362C09" : [

    ]
  },
  "sceneCameraHistory" : {
    "AF09ED6F-1707-48FD-8720-65B998362C09" : [
      {
        "date" : 764300665.724558,
        "title" : "Untitled",
        "transform" : [
          0.99855995,
          1.362771e-10,
          0.053647213,
          0,
          -0.006090065,
          0.99353546,
          0.1133587,
          0,
          -0.05330042,
          -0.11352212,
          0.99210477,
          0,
          0.88808644,
          1.4956342,
          4.191874,
          1
        ]
      },
      {
        "date" : 764300656.791675,
        "title" : "Untitled",
        "transform" : [
          0.9833393,
          1.8323876e-10,
          0.18177997,
          0,
          -0.031160397,
          0.98519826,
          0.16856273,
          0,
          -0.17908931,
          -0.17141864,
          0.96878415,
          0,
          0.046331882,
          1.1323825,
          4.4878163,
          1
        ]
      },
      {
        "date" : 764300655.540987,
        "title" : "Untitled",
        "transform" : [
          0.9833393,
          3.444769e-09,
          0.18177997,
          0,
          -0.031644728,
          0.98473096,
          0.17118274,
          0,
          -0.17900437,
          -0.17408301,
          0.96832466,
          0,
          0.04577911,
          1.1154829,
          4.490806,
          1
        ]
      },
      {
        "date" : 764300645.229845,
        "title" : "Untitled",
        "transform" : [
          0.9609096,
          -8.3992724e-10,
          0.27686244,
          0,
          0.02887106,
          0.994548,
          -0.10020281,
          0,
          -0.27535298,
          0.10427923,
          0.9556708,
          0,
          -0.45109454,
          2.7957976,
          4.0552473,
          1
        ]
      },
      {
        "date" : 764300622.609982,
        "title" : "Untitled",
        "transform" : [
          0.9609096,
          -8.3992724e-10,
          0.27686244,
          0,
          0.02887106,
          0.994548,
          -0.10020281,
          0,
          -0.27535298,
          0.10427923,
          0.9556708,
          0,
          1.113579,
          2.2438245,
          4.5663023,
          1
        ]
      },
      {
        "date" : 764300618.421462,
        "title" : "Untitled",
        "transform" : [
          0.9609096,
          -8.3992724e-10,
          0.27686244,
          0,
          0.02887106,
          0.994548,
          -0.10020281,
          0,
          -0.27535298,
          0.10427923,
          0.9556708,
          0,
          0.4906164,
          2.1344252,
          4.3987546,
          1
        ]
      },
      {
        "date" : 764300600.424939,
        "title" : "Untitled",
        "transform" : [
          0.9609096,
          -8.3992724e-10,
          0.27686244,
          0,
          0.02887106,
          0.994548,
          -0.10020281,
          0,
          -0.27535298,
          0.10427923,
          0.9556708,
          0,
          0.4906164,
          2.1344252,
          4.3987546,
          1
        ]
      },
      {
        "date" : 764300596.425687,
        "title" : "Untitled",
        "transform" : [
          0.9609096,
          -8.3992724e-10,
          0.27686244,
          0,
          0.02887106,
          0.994548,
          -0.10020281,
          0,
          -0.27535298,
          0.10427923,
          0.9556708,
          0,
          0.39415196,
          1.2940323,
          4.4626617,
          1
        ]
      },
      {
        "date" : 764300593.753125,
        "title" : "Untitled",
        "transform" : [
          0.9609096,
          -8.3992724e-10,
          0.27686244,
          0,
          0.02887106,
          0.994548,
          -0.10020281,
          0,
          -0.27535295,
          0.10427921,
          0.95567065,
          0,
          0.121177554,
          0.66249514,
          4.452923,
          1
        ]
      },
      {
        "date" : 764300591.07528,
        "title" : "Untitled",
        "transform" : [
          0.95729905,
          9.840164e-10,
          0.28909975,
          0,
          0.11024617,
          0.9244337,
          -0.365059,
          0,
          -0.26725355,
          0.38134286,
          0.8849595,
          0,
          0.17473269,
          1.1671982,
          4.192606,
          1
        ]
      }
    ]
  },
  "sceneViewportBackgroundColors" : {

  }
}