{
  "advancedEditorSelectedIdentifier" : "ProjectBrowser",
  "openSceneRelativePaths" : [
    "Immersive.usda"
  ],
  "recentIdentifiers" : {
    "AF09ED6F-1707-48FD-8720-65B998362C09" : [

    ]
  },
  "sceneCameraHistory" : {
    "AF09ED6F-1707-48FD-8720-65B998362C09" : [
      {
        "date" : 764315417.06373,
        "title" : "Untitled",
        "transform" : [
          0.930904,
          0.09423266,
          0.3528996,
          0,
          -0.005459155,
          0.9696304,
          -0.2445138,
          0,
          -0.3652235,
          0.22569224,
          0.9031472,
          0,
          -0.5831258,
          1.3191276,
          4.8386126,
          1
        ]
      },
      {
        "date" : 764315407.077212,
        "title" : "Untitled",
        "transform" : [
          0.7136385,
          0.094232656,
          0.6941473,
          0,
          -0.02967662,
          0.99408823,
          -0.10444059,
          0,
          -0.69988537,
          0.053932823,
          0.7122161,
          0,
          -3.7448006,
          0.3777424,
          4.968074,
          1
        ]
      },
      {
        "date" : 764315404.898907,
        "title" : "Untitled",
        "transform" : [
          0.050521582,
          0.09423265,
          0.99426764,
          0,
          0.46902478,
          0.87668896,
          -0.1069215,
          0,
          -0.8817388,
          0.47173786,
          9.425818e-05,
          0,
          -5.0184793,
          3.3039994,
          -0.01954383,
          1
        ]
      },
      {
        "date" : 764315391.661742,
        "title" : "Untitled",
        "transform" : [
          0.9139658,
          0.0003937158,
          0.40579072,
          0,
          0.40553105,
          0.034897357,
          -0.9134148,
          0,
          -0.014520635,
          0.99939084,
          0.03173529,
          0,
          -1.136584,
          4.5272408,
          -0.07126665,
          1
        ]
      },
      {
        "date" : 764315372.877984,
        "title" : "Untitled",
        "transform" : [
          0.9998081,
          0.0003937158,
          0.019584736,
          0,
          0.01955908,
          0.03489742,
          -0.99919957,
          0,
          -0.0010768572,
          0.99939084,
          0.034882978,
          0,
          0.02353366,
          4.5272408,
          -1.4208212,
          1
        ]
      },
      {
        "date" : 764313786.616109,
        "title" : "Untitled",
        "transform" : [
          0.99994284,
          0.0003937158,
          0.010680733,
          0,
          0.010660497,
          0.03489736,
          -0.9993341,
          0,
          -0.0007661832,
          0.99939084,
          0.034891125,
          0,
          0.010880411,
          4.5272408,
          -1.4209746,
          1
        ]
      },
      {
        "date" : 764313761.769857,
        "title" : "Untitled",
        "transform" : [
          0.99998295,
          0.0003937158,
          -0.005819567,
          0,
          -0.005829757,
          0.03489742,
          -0.999374,
          0,
          -0.0001903823,
          0.99939084,
          0.03489908,
          0,
          0.030169971,
          4.5272408,
          -1.4084069,
          1
        ]
      },
      {
        "date" : 764313752.839931,
        "title" : "Untitled",
        "transform" : [
          0.9999776,
          0.0003937158,
          0.006677356,
          0,
          0.0066595566,
          0.03489736,
          -0.9993688,
          0,
          -0.0006264897,
          0.99939084,
          0.034893915,
          0,
          0.015207289,
          4.5272408,
          -1.4074911,
          1
        ]
      },
      {
        "date" : 764310083.774737,
        "title" : "Untitled",
        "transform" : [
          0.9998825,
          0.0003937158,
          -0.01532271,
          0,
          -0.015327113,
          0.03489742,
          -0.9992734,
          0,
          0.00014129211,
          0.99939084,
          0.034899313,
          0,
          -0.015759706,
          4.5272408,
          -1.4074848,
          1
        ]
      },
      {
        "date" : 764310070.222061,
        "title" : "Untitled",
        "transform" : [
          0.9998825,
          0.0003937158,
          -0.01532271,
          0,
          -0.015327113,
          0.03489742,
          -0.9992734,
          0,
          0.00014129211,
          0.99939084,
          0.034899313,
          0,
          -0.5818383,
          4.5317054,
          -1.5330565,
          1
        ]
      }
    ]
  },
  "sceneViewportBackgroundColors" : {

  }
}